kkt_passes fraction_solved
14191.0 0.0026109660574412533
25133.0 0.005221932114882507
26779.0 0.007832898172323759
126779.0 0.007832898172323759
127776.0 0.010443864229765013
128669.0 0.013054830287206266
139892.0 0.015665796344647518
140095.0 0.018276762402088774
140464.0 0.020887728459530026
150942.0 0.02349869451697128
152361.0 0.02610966057441253
152860.0 0.028720626631853787
163982.0 0.031331592689295036
168670.0 0.033942558746736295
169931.0 0.03655352480417755
198418.0 0.0391644908616188
298418.0 0.0391644908616188
298670.0 0.04177545691906005
352233.0 0.044386422976501305
357542.0 0.04699738903394256
357542.0 0.04960835509138381
362081.0 0.05221932114882506
362444.0 0.05483028720626632
363934.0 0.057441253263707574
363934.0 0.06005221932114883
369593.0 0.06266318537859007
469593.0 0.06266318537859007
523226.0 0.06527415143603134
524271.0 0.06788511749347259
525013.0 0.07049608355091384
625013.0 0.07049608355091384
634310.0 0.0731070496083551
637984.0 0.07571801566579635
638735.0 0.0783289817232376
643939.0 0.08093994778067885
645422.0 0.0835509138381201
705266.0 0.08616187989556136
708598.0 0.08877284595300261
710219.0 0.09138381201044386
810219.0 0.09138381201044386
810219.0 0.09399477806788512
813760.0 0.09660574412532637
815784.0 0.09921671018276762
915784.0 0.09921671018276762
917913.0 0.10182767624020887
934612.0 0.10443864229765012
935266.0 0.10704960835509138
936449.0 0.10966057441253264
937407.0 0.1122715404699739
937454.0 0.1122715404699739
1037454.0 0.1122715404699739
1070353.0 0.11488250652741515
1070563.0 0.1174934725848564
1072668.0 0.12010443864229765
1118310.0 0.1227154046997389
1218310.0 0.1227154046997389
1222963.0 0.12532637075718014
1226461.0 0.1279373368146214
1229681.0 0.13054830287206268
1249199.0 0.13315926892950392
1251517.0 0.13577023498694518
1251559.0 0.13838120104438642
1260813.0 0.1409921671018277
1264544.0 0.14360313315926893
1264905.0 0.1462140992167102
1264905.0 0.14882506527415143
1268915.0 0.1514360313315927
1271007.0 0.15404699738903394
1371007.0 0.15404699738903394
1371664.0 0.1566579634464752
1371878.0 0.15926892950391644
1372405.0 0.1618798955613577
1376720.0 0.16449086161879894
1376720.0 0.1671018276762402
1377337.0 0.16971279373368145
1477337.0 0.16971279373368145
1484301.0 0.17232375979112272
1484301.0 0.17493472584856398
1489254.0 0.17754569190600522
1491324.0 0.1801566579634465
1491615.0 0.18276762402088773
1491985.0 0.185378590078329
1492795.0 0.18798955613577023
1493091.0 0.1906005221932115
1493292.0 0.19321148825065274
1494750.0 0.195822454308094
1496034.0 0.19843342036553524
1496557.0 0.2010443864229765
1496557.0 0.20365535248041775
1522601.0 0.206266318537859
1523008.0 0.20887728459530025
1525470.0 0.21148825065274152
1625470.0 0.21148825065274152
1634441.0 0.21409921671018275
1634483.0 0.21671018276762402
1650635.0 0.2193211488250653
1653721.0 0.22193211488250653
1653826.0 0.2245430809399478
1670088.0 0.22715404699738903
1670088.0 0.2297650130548303
1676865.0 0.23237597911227154
1676907.0 0.2349869451697128
1678311.0 0.23759791122715404
1680174.0 0.2402088772845953
1682163.0 0.24281984334203655
1683716.0 0.2454308093994778
1696214.0 0.24804177545691905
1696575.0 0.2506527415143603
1720437.0 0.25326370757180156
1820437.0 0.25326370757180156
1828916.0 0.2558746736292428
1928916.0 0.2558746736292428
1943315.0 0.2584856396866841
1947131.0 0.26109660574412535
1949081.0 0.26370757180156656
1949364.0 0.26631853785900783
1953370.0 0.2689295039164491
1953370.0 0.27154046997389036
1954358.0 0.2741514360313316
2015467.0 0.27676240208877284
2020083.0 0.2793733681462141
2021229.0 0.2819843342036554
2021319.0 0.2845953002610966
2024132.0 0.28720626631853785
2028950.0 0.2898172323759791
2032788.0 0.2924281984334204
2035049.0 0.2950391644908616
2036998.0 0.29765013054830286
2038711.0 0.3002610966057441
2039114.0 0.3028720626631854
2039517.0 0.30548302872062666
2040444.0 0.30809399477806787
2040487.0 0.31070496083550914
2040699.0 0.3133159268929504
2043762.0 0.31592689295039167
2046013.0 0.3185378590078329
2046741.0 0.32114882506527415
2048642.0 0.3237597911227154
2049844.0 0.3263707571801567
2112739.0 0.3289817232375979
2212739.0 0.3289817232375979
2213020.0 0.33159268929503916
2213181.0 0.3342036553524804
2224664.0 0.3368146214099217
2302316.0 0.3394255874673629
2304546.0 0.34203655352480417
2312956.0 0.34464751958224543
2315376.0 0.3472584856396867
2341213.0 0.34986945169712796
2341260.0 0.34986945169712796
2345166.0 0.3524804177545692
2359683.0 0.35509138381201044
2359683.0 0.3577023498694517
2360584.0 0.360313315926893
2460584.0 0.360313315926893
2461434.0 0.3629242819843342
2461986.0 0.36553524804177545
2471354.0 0.3681462140992167
2473003.0 0.370757180156658
2473627.0 0.3733681462140992
2477258.0 0.37597911227154046
2477258.0 0.3785900783289817
2478802.0 0.381201044386423
2479592.0 0.3838120104438642
2481789.0 0.38642297650130547
2483117.0 0.38903394255874674
2508707.0 0.391644908616188
2508835.0 0.39425587467362927
2509123.0 0.3968668407310705
2509225.0 0.39947780678851175
2510256.0 0.402088772845953
2610256.0 0.402088772845953
2616374.0 0.4046997389033943
2716374.0 0.4046997389033943
2718412.0 0.4073107049608355
2721526.0 0.40992167101827676
2722827.0 0.412532637075718
2722909.0 0.4151436031331593
2724036.0 0.4177545691906005
2726105.0 0.42036553524804177
2826105.0 0.42036553524804177
2826307.0 0.42297650130548303
2826994.0 0.4255874673629243
2840412.0 0.4281984334203655
2841032.0 0.4308093994778068
2843651.0 0.43342036553524804
2847507.0 0.4360313315926893
2851533.0 0.4386422976501306
2856829.0 0.4412532637075718
2867527.0 0.44386422976501305
2879125.0 0.4464751958224543
2879252.0 0.4490861618798956
2979252.0 0.4490861618798956
2979252.0 0.4516971279373368
3033315.0 0.45430809399477806
3045217.0 0.45691906005221933
3047988.0 0.4595300261096606
3048682.0 0.4621409921671018
3049171.0 0.46475195822454307
3149171.0 0.46475195822454307
3249171.0 0.46475195822454307
3249336.0 0.46736292428198434
3349336.0 0.46736292428198434
3349620.0 0.4699738903394256
3369537.0 0.4725848563968668
3371181.0 0.4751958224543081
3372059.0 0.47780678851174935
3375508.0 0.4804177545691906
3475508.0 0.4804177545691906
3485585.0 0.4830287206266319
3585585.0 0.4830287206266319
3685585.0 0.4830287206266319
3686513.0 0.4856396866840731
3704579.0 0.48825065274151436
3705148.0 0.4908616187989556
3706029.0 0.4934725848563969
3710109.0 0.4960835509138381
3716409.0 0.49869451697127937
3719790.0 0.5013054830287206
3726804.0 0.5039164490861618
3728342.0 0.5065274151436031
3728468.0 0.5091383812010444
3729040.0 0.5117493472584856
3729417.0 0.5143603133159269
3729662.0 0.5169712793733682
3729662.0 0.5195822454308094
3738582.0 0.5221932114882507
3796507.0 0.5248041775456919
3803671.0 0.5274151436031331
3900867.0 0.5300261096605744
3903659.0 0.5326370757180157
3904142.0 0.5352480417754569
3904222.0 0.5378590078328982
3904222.0 0.5404699738903395
3904222.0 0.5430809399477807
3909116.0 0.5456919060052219
3911240.0 0.5483028720626631
4011240.0 0.5483028720626631
4111240.0 0.5483028720626631
4111606.0 0.5509138381201044
4112494.0 0.5535248041775457
4112494.0 0.556135770234987
4112615.0 0.5587467362924282
4116265.0 0.5613577023498695
4216265.0 0.5613577023498695
4239455.0 0.5639686684073107
4255862.0 0.566579634464752
4259741.0 0.5691906005221932
4359741.0 0.5691906005221932
4364450.0 0.5718015665796344
4392338.0 0.5744125326370757
4393024.0 0.577023498694517
4397012.0 0.5796344647519582
4417648.0 0.5822454308093995
4428164.0 0.5848563968668408
4428250.0 0.587467362924282
4429891.0 0.5900783289817232
4431331.0 0.5926892950391645
4431597.0 0.5953002610966057
4434186.0 0.597911227154047
4434434.0 0.6005221932114883
4435282.0 0.6031331592689295
4436814.0 0.6057441253263708
4464179.0 0.608355091383812
4564179.0 0.608355091383812
4564179.0 0.6109660574412533
4568697.0 0.6135770234986945
4577284.0 0.6161879895561357
4677284.0 0.6161879895561357
4678793.0 0.618798955613577
4683563.0 0.6214099216710183
4783563.0 0.6214099216710183
4785796.0 0.6240208877284595
4793086.0 0.6266318537859008
4793171.0 0.6292428198433421
4793292.0 0.6318537859007833
4795511.0 0.6344647519582245
4795713.0 0.6370757180156658
4799631.0 0.639686684073107
4799631.0 0.6422976501305483
4799995.0 0.6449086161879896
4801606.0 0.6475195822454308
4810930.0 0.6501305483028721
4824739.0 0.6527415143603134
4924739.0 0.6527415143603134
4925363.0 0.6553524804177546
4933097.0 0.6579634464751958
4934050.0 0.660574412532637
4935271.0 0.6631853785900783
4938706.0 0.6657963446475196
4947811.0 0.6684073107049608
4949356.0 0.6710182767624021
4950093.0 0.6736292428198434
5050093.0 0.6736292428198434
5050479.0 0.6762402088772846
5050854.0 0.6788511749347258
5051346.0 0.6814621409921671
5052301.0 0.6840731070496083
5053411.0 0.6866840731070496
5088128.0 0.6892950391644909
5103994.0 0.6919060052219321
5105404.0 0.6945169712793734
5205404.0 0.6945169712793734
5305404.0 0.6945169712793734
5305506.0 0.6971279373368147
5345156.0 0.6997389033942559
5345156.0 0.7023498694516971
5347553.0 0.7049608355091384
5349715.0 0.7075718015665796
5355060.0 0.7101827676240209
5355510.0 0.7127937336814621
5358393.0 0.7154046997389034
5359445.0 0.7180156657963447
5359806.0 0.720626631853786
5362245.0 0.7232375979112271
5362710.0 0.7258485639686684
5363364.0 0.7284595300261096
5364946.0 0.7310704960835509
5365107.0 0.7336814621409922
5465107.0 0.7336814621409922
5470980.0 0.7362924281984334
5471143.0 0.7389033942558747
5471245.0 0.741514360313316
5472173.0 0.7441253263707572
5474264.0 0.7467362924281984
5476482.0 0.7493472584856397
5477845.0 0.7519582245430809
5499803.0 0.7545691906005222
5502608.0 0.7571801566579635
5594040.0 0.7597911227154047
5683721.0 0.762402088772846
5684209.0 0.7650130548302873
5685026.0 0.7676240208877284
5687240.0 0.7702349869451697
5787240.0 0.7702349869451697
5789618.0 0.7728459530026109
5808778.0 0.7754569190600522
5908778.0 0.7754569190600522
5913357.0 0.7780678851174935
5914091.0 0.7806788511749347
5917209.0 0.783289817232376
5918737.0 0.7859007832898173
5922312.0 0.7885117493472585
5922353.0 0.7911227154046997
5923169.0 0.793733681462141
5932242.0 0.7963446475195822
5978671.0 0.7989556135770235
5989925.0 0.8015665796344648
6060704.0 0.804177545691906
6060704.0 0.8067885117493473
6102750.0 0.8093994778067886
6103891.0 0.8120104438642297
6105096.0 0.814621409921671
6110961.0 0.8172323759791122
6117892.0 0.8198433420365535
6128064.0 0.8224543080939948
6128225.0 0.825065274151436
6228225.0 0.825065274151436
6250545.0 0.8276762402088773
6254955.0 0.8302872062663186
6258670.0 0.8328981723237598
6303657.0 0.835509138381201
6304838.0 0.8381201044386423
6314798.0 0.8407310704960835
6316582.0 0.8433420365535248
6316863.0 0.8459530026109661
6316945.0 0.8485639686684073
6318639.0 0.8511749347258486
6418639.0 0.8511749347258486
6421210.0 0.8537859007832899
6421500.0 0.856396866840731
6421760.0 0.8590078328981723
6451625.0 0.8616187989556136
6451625.0 0.8642297650130548
6480658.0 0.8668407310704961
6484543.0 0.8694516971279374
6501064.0 0.8720626631853786
6501812.0 0.8746736292428199
6601812.0 0.8746736292428199
6673856.0 0.8772845953002611
6773856.0 0.8772845953002611
6820665.0 0.8798955613577023
6863680.0 0.8825065274151436
